3,2
3,1
3,3
10,32
10,141
10,190
10,214
10,221
10,211
10,2
10,3
11,5
11,18
11,21
9,7
9,5
8,4
8,6
8,8
8,13
8,17
69,4
69,3
69,2
69,1
69,0
68,4
68,3
68,2
68,1
68,0
67,4
67,3
67,2
67,1
67,0
62,4
62,3
62,2
62,1
62,0
61,4
61,3
61,2
61,1
61,0
59,5
59,4
59,3
59,2
59,1
59,0
56,5
56,4
56,3
56,2
56,1
56,0
42,3
42,1
20,3
20,2
20,1
19,3
19,2
19,1
12,3
12,2
12,1
11,28
11,27
11,26
11,25
11,24
11,23
11,22
11,20
11,19
11,17
11,16
11,15
11,14
11,13
11,11
11,10
11,9
11,8
11,7
18,1
11,6
18,3
11,3
11,2
11,1
10,300
14,1
14,3
10,282
10,273
13,1
13,3
10,271
10,267
10,266
10,265
10,252
10,245
10,242
10,241
10,238
10,218
10,216
